gene	cluster	avg_log2FC	pct.1	pct.2	pct_diff	p_val	p_val_adj
Nrg1	10	2.5907883746392	0.839	0.334	0.505	1.16206209875577e-98	3.75171748583301e-94
Alcam	10	2.20262746222199	0.953	0.354	0.599	4.47446602304688e-141	1.44458135554069e-136
Kctd16	10	2.1892857761451	0.932	0.266	0.666	1.78774535259839e-141	5.77173587086392e-137
Sgcz	10	2.00661367782307	0.993	0.595	0.398	2.7403625618373e-112	8.84726053089172e-108
Npas3	10	1.97069490142367	0.968	0.802	0.166	1.96725578335081e-101	6.35128529654808e-97
Tafa1	10	1.76019460915816	0.935	0.311	0.624	5.63426100374441e-107	1.81902116505888e-102
Csmd1	10	1.7154236072522	1	0.813	0.187	1.18848108525612e-109	3.83701118374937e-105
Unc13c	10	1.69326295307822	0.903	0.328	0.575	3.36822875473996e-100	1.08743265346779e-95
Gpc5	10	1.69259885901119	0.62	0.198	0.422	1.91047513903797e-60	6.16796898638409e-56
Pex5l	10	1.65275724065589	0.878	0.383	0.495	1.27102068430764e-97	4.10349027928723e-93
Cdh13	10	1.63877861088873	0.971	0.567	0.404	1.09259381539251e-99	3.52743913299472e-95
Lrp1b	10	1.6270555416742	0.978	0.617	0.361	5.16690646352922e-82	1.66813575175041e-77
Shroom3	10	1.58338807791421	0.781	0.335	0.446	2.4711051706386e-75	7.97796304340671e-71
Ano1	10	1.54769595516875	0.667	0.039	0.628	7.6403318133957e-195	2.4666811259548e-190
Gm20754	10	1.52140443243481	0.72	0.272	0.448	6.68272036898671e-67	2.15751627112736e-62
Rmst	10	1.49102189117213	0.993	0.661	0.332	2.63603286224775e-88	8.51043209576685e-84
Pdzrn4	10	1.39123717851915	0.989	0.738	0.251	1.16869727501103e-86	3.7731391523731e-82
Plcb4	10	1.38989556946721	0.914	0.686	0.228	2.67450824617729e-73	8.63464987278339e-69
Auts2	10	1.38405456361489	0.781	0.445	0.336	6.96260799159573e-51	2.24787799008668e-46
Thsd7b	10	1.38360336765874	0.882	0.574	0.308	3.59593860181371e-62	1.16094877759556e-57
Cpne8	10	1.36535843211867	0.789	0.263	0.526	1.93224917842456e-90	6.2382664725437e-86
Zfp536	10	1.35657133303891	0.724	0.265	0.459	3.62556445304251e-74	1.17051348366477e-69
4930555F03Rik	10	1.30089786509325	0.892	0.664	0.228	1.98072405617368e-54	6.39476761535674e-50
Brinp1	10	1.2467467535282	0.935	0.671	0.264	1.70960158590427e-74	5.51944872009194e-70
4930509J09Rik	10	1.24431760313316	0.57	0.181	0.389	4.3150223817068e-55	1.39310497593404e-50
C130073E24Rik	10	1.24169710584094	0.939	0.745	0.194	2.53051135944147e-69	8.1697559239568e-65
Sdk1	10	1.23140357612812	0.878	0.394	0.484	1.16246207335072e-70	3.7530088038128e-66
Cdh20	10	1.22444739302824	0.767	0.31	0.457	3.14155543826415e-60	1.01425117324358e-55
Plcb1	10	1.21801204014424	0.95	0.603	0.347	1.84716454949276e-61	5.96357074803739e-57
Caln1	10	1.17845769192473	0.875	0.411	0.464	4.29572612728775e-67	1.38687518019485e-62
Hcn1	10	1.17749366849686	0.724	0.434	0.29	4.04181162311138e-40	1.30489888252151e-35
Kcnj3	10	1.17299078102087	0.842	0.489	0.353	1.85729251363857e-57	5.99626888028211e-53
B230217J21Rik	10	1.17186317730114	0.645	0.244	0.401	1.12081745809007e-53	3.61855916344379e-49
Hs3st4	10	1.15381687891834	0.939	0.727	0.212	4.80917116024158e-57	1.55264090908399e-52
L3mbtl4	10	1.14008832861944	0.642	0.236	0.406	2.99815578368617e-59	9.67954594763081e-55
Il1rapl2	10	1.11348110561306	0.47	0.136	0.334	4.68665413131757e-42	1.51308628629588e-37
Nrp1	10	1.07367349509997	0.774	0.391	0.383	3.67485249879476e-55	1.18642612923589e-50
Ndst4	10	1.05796607529122	0.663	0.242	0.421	1.01359191530056e-57	3.27238149854786e-53
Pard3b	10	1.05586570954492	0.477	0.113	0.364	8.95958700159314e-58	2.89260266346435e-53
Tmtc2	10	1.03464748276026	0.832	0.555	0.277	2.2890451322931e-46	7.39018220960827e-42
Nova1	10	1.03290969812406	0.835	0.524	0.311	8.05104032805993e-53	2.59927836991415e-48
Tmem163	10	1.03255053667171	0.756	0.32	0.436	5.10691781794473e-52	1.64876841752346e-47
Klf12	10	0.993053926824619	0.889	0.742	0.147	1.6818276307854e-49	5.42978050599067e-45
Mpped2	10	0.987494612752597	0.616	0.246	0.37	1.68504867136008e-47	5.44017963548602e-43
Gm45321	10	0.985653628825236	0.76	0.515	0.245	6.54468971041164e-34	2.1129530730064e-29
Asic2	10	0.969831998564868	0.989	0.878	0.111	5.4309525221467e-48	1.75338302177506e-43
Sorcs1	10	0.95601674441553	0.935	0.597	0.338	2.37904166328495e-52	7.68073600991547e-48
4930419G24Rik	10	0.952788023266759	0.52	0.168	0.352	1.68274547675605e-48	5.4327437717069e-44
Gm28905	10	0.941880305512667	0.832	0.652	0.18	6.83088657997622e-38	2.20535173234532e-33
Gm2516	10	0.94043786039103	0.703	0.424	0.279	2.94926032690631e-35	9.52168696541703e-31
B3galt1	10	0.936780764190225	0.878	0.747	0.131	2.46731466715454e-38	7.96572540290844e-34
Prkcb	10	0.936365451511141	0.799	0.564	0.235	1.19304865494484e-40	3.85175758248943e-36
Olfm3	10	0.929620163147781	0.803	0.549	0.254	7.51093277453339e-40	2.42490464625811e-35
Carmil1	10	0.888105945759413	0.645	0.322	0.323	5.00082803372909e-41	1.61451733068944e-36
Frmpd4	10	0.880195206893309	0.799	0.583	0.216	1.10592088445281e-25	3.57046557545589e-21
Grik4	10	0.878711561093331	0.91	0.763	0.147	8.76686921399059e-48	2.83038372573686e-43
A830018L16Rik	10	0.871439270649991	0.351	0.091	0.26	4.36196945066497e-37	1.40826183714718e-32
Gm45323	10	0.846829887057238	0.638	0.399	0.239	7.70778158140859e-28	2.48845728355776e-23
Specc1	10	0.846165376159598	0.824	0.561	0.263	5.24924685952909e-40	1.69471934859897e-35
Tnr	10	0.83633796817727	0.595	0.3	0.295	1.89815093296206e-30	6.12818028706802e-26
Ptn	10	0.833059767135489	0.57	0.343	0.227	1.45931658051669e-26	4.71140358019814e-22
Hs6st2	10	0.818894348043303	0.462	0.11	0.352	1.18299861951619e-55	3.81931104310802e-51
Gm12239	10	0.801749056192475	0.323	0.076	0.247	1.16717085250598e-36	3.76821109731555e-32
Arhgap24	10	0.798671524382541	0.792	0.653	0.139	8.77632056944991e-29	2.8334350958469e-24
9630028H03Rik	10	0.794316138713726	0.545	0.3	0.245	5.15885741228007e-22	1.66553711555462e-17
Dpp10	10	0.792648749623569	0.986	0.847	0.139	1.16212483138662e-41	3.75192001813169e-37
Dlk1	10	0.791717308283132	0.387	0.075	0.312	5.89933158175439e-53	1.9045992011694e-48
Luzp2	10	0.788594186823532	0.394	0.2	0.194	4.23516832956115e-16	1.36732409519882e-11
Rgs17	10	0.787923034415397	0.771	0.548	0.223	3.35169097057019e-31	1.08209342984859e-26
Frmd5	10	0.784339359421856	0.95	0.743	0.207	1.81455838427504e-38	5.85830174363195e-34
Utrn	10	0.781604721444897	0.695	0.498	0.197	4.92629217806122e-27	1.59045342968706e-22
Pdcd7	10	0.777825753518243	0.778	0.591	0.187	1.44502962771377e-29	4.6652781530739e-25
Rgs6	10	0.774043852919966	0.523	0.237	0.286	1.91536096262103e-26	6.18374286782199e-22
Megf11	10	0.765107142477348	0.552	0.427	0.125	3.77580219697161e-12	1.21901773929228e-07
Slc6a1	10	0.748475837351022	0.588	0.3	0.288	5.03102345042298e-31	1.62426592096906e-26
Ripor2	10	0.747384879293164	0.477	0.174	0.303	6.99470074978995e-37	2.25823913706968e-32
Aff2	10	0.74298214672387	0.749	0.562	0.187	1.25166183956633e-26	4.0409902490399e-22
6330576A10Rik	10	0.742571174944712	0.362	0.077	0.285	2.99267930477759e-45	9.66186513547446e-41
Ndst3	10	0.742488817530729	0.344	0.114	0.23	6.76716617685734e-28	2.18477960019839e-23
Ankfn1	10	0.742145130824719	0.767	0.64	0.127	1.41267744040832e-20	4.56082911635826e-16
Cdh2	10	0.741943214667206	0.939	0.836	0.103	5.03928010097113e-36	1.62693158059853e-31
Cdh9	10	0.741883714980154	0.502	0.281	0.221	1.34061185098457e-20	4.3281653609037e-16
Kcnab1	10	0.732810431404644	0.548	0.332	0.216	2.53014306883493e-20	8.16856689773358e-16
4930517O19Rik	10	0.722548595715655	0.606	0.423	0.183	1.69492061029044e-18	5.47205119032267e-14
Gm32647	10	0.720054319423753	0.391	0.168	0.223	2.85788726841418e-19	9.22668904607517e-15
Btbd11	10	0.706937970538312	0.552	0.326	0.226	4.49048903790956e-22	1.4497543858891e-17
Chd7	10	0.702511485260968	0.401	0.141	0.26	8.5268909489969e-31	2.75290674288365e-26
Arhgef26	10	0.701715617490648	0.384	0.084	0.3	1.52160733603498e-47	4.91250928438892e-43
Fam135b	10	0.700693583590242	0.885	0.756	0.129	2.23584234872348e-33	7.21841702285376e-29
Rskr	10	0.695440690883437	0.412	0.132	0.28	1.45654970230378e-34	4.70247071388776e-30
Gpm6a	10	0.688844437060264	0.892	0.775	0.117	2.74529132514472e-31	8.86317304322974e-27
Adcy8	10	0.685412388772935	0.62	0.284	0.336	2.76456613278357e-30	8.92540175969175e-26
Gm43154	10	0.678050960586047	0.326	0.078	0.248	5.77234502504777e-36	1.86360159133667e-31
Elmod1	10	0.677012236574507	0.652	0.476	0.176	4.25965743955548e-22	1.37523040436049e-17
Chrm3	10	0.673638912470947	0.642	0.297	0.345	5.51697179832343e-30	1.78115434508872e-25
Tspan5	10	0.673284013837682	0.685	0.561	0.124	2.49736453006418e-18	8.06274138531221e-14
Gm20713	10	0.671233896100122	0.287	0.076	0.211	4.70334692258394e-28	1.51847555395623e-23
Lncenc1	10	0.662310799626004	0.401	0.115	0.286	6.78346972179876e-37	2.19004319968273e-32
Adcy2	10	0.661926624381397	0.495	0.284	0.211	2.13671255392654e-16	6.89837648035182e-12
Scn1a	10	0.661447721562751	0.828	0.722	0.106	6.96634157817792e-26	2.24908337851474e-21
Nsf	10	0.658790761288583	0.842	0.724	0.118	6.67221656750704e-27	2.15412511881965e-22
Gm14211	10	0.657687023174343	0.462	0.207	0.255	1.96401112354196e-26	6.34080991235522e-22
Grik1	10	0.651708265175937	0.946	0.744	0.202	2.74257244789993e-33	8.85439514804492e-29
Adgrl2	10	0.648754786086044	0.577	0.284	0.293	2.54381740551836e-26	8.21271449371602e-22
P2ry14	10	0.647421710256363	0.72	0.606	0.114	5.53409990655696e-15	1.78668415483192e-10
Nectin3	10	0.646541935208019	0.444	0.18	0.264	2.3515807017597e-28	7.59207829563119e-24
Eda	10	0.645459621960208	0.534	0.313	0.221	1.77987116559819e-18	5.74631405813374e-14
Rasgef1b	10	0.64473721642225	0.573	0.378	0.195	3.17799961642262e-17	1.02601717616204e-12
Eepd1	10	0.641273420059918	0.376	0.115	0.261	1.42165499359725e-33	4.58981314682872e-29
Med12l	10	0.630713212279581	0.799	0.672	0.127	1.25369069932653e-21	4.04754042277569e-17
Erbb4	10	0.624660613745859	0.789	0.511	0.278	7.79757798814824e-20	2.51744805347366e-15
Nell1	10	0.6235183159911	0.244	0.064	0.18	4.95353891948362e-24	1.59925004015529e-19
A330015K06Rik	10	0.621567229308099	0.323	0.108	0.215	1.04438626910599e-24	3.37180106980869e-20
Gm45341	10	0.619519391545285	0.452	0.291	0.161	4.80753305924232e-13	1.55211204817638e-08
Gm21798	10	0.616629673853182	0.523	0.221	0.302	3.33546678903537e-28	1.07685545284007e-23
Oprm1	10	0.616258280579957	0.384	0.175	0.209	1.80369935155193e-18	5.8232433564854e-14
Sdc2	10	0.613553260526195	0.656	0.536	0.12	1.72027597456077e-14	5.55391098386945e-10
Fhod3	10	0.609172332334047	0.67	0.52	0.15	8.22584971313445e-19	2.65571557988546e-14
Slc24a3	10	0.603180318799571	0.871	0.751	0.12	1.1399044603084e-24	3.68018155010566e-20
Gabbr2	10	0.602145275834004	0.839	0.724	0.115	2.40696532791027e-24	7.77088756115831e-20
Cdh4	10	0.599567513173883	0.398	0.166	0.232	3.09197053902087e-22	9.98242688522889e-18
Ccnd2	10	0.599378589046137	0.283	0.044	0.239	9.53956462793823e-45	3.07984844012986e-40
Csmd2	10	0.597395360093807	0.882	0.75	0.132	2.70732030110912e-24	8.7405835921308e-20
Insyn2b	10	0.59572650102887	0.373	0.115	0.258	2.50349764115083e-31	8.08254213445546e-27
Gm37459	10	0.594148144102307	0.323	0.102	0.221	6.03223811684607e-27	1.94750807602375e-22
Pvt1	10	0.592501255876742	0.315	0.082	0.233	7.05506633550934e-33	2.27772816641919e-28
Mtus2	10	0.591643282121503	0.796	0.659	0.137	1.25268659332889e-20	4.04429866656232e-16
Prkd1	10	0.587607319044829	0.487	0.337	0.15	1.14433399779866e-11	3.69448231189298e-07
Tcerg1l	10	0.584062790119232	0.448	0.185	0.263	4.47164039338712e-25	1.44366910100503e-20
Nrp2	10	0.583007304915995	0.581	0.344	0.237	2.65826796496204e-22	8.58221812487994e-18
Sidt1	10	0.581814341776097	0.502	0.299	0.203	1.29261362660398e-16	4.17320309349093e-12
Spats2l	10	0.57959840526178	0.584	0.402	0.182	1.60967411734767e-16	5.19683288785697e-12
Edil3	10	0.576224567007071	0.799	0.536	0.263	2.22007473240225e-22	7.16751127356066e-18
Trank1	10	0.574921698268112	0.595	0.422	0.173	1.38738622542632e-16	4.47917642878888e-12
Htr4	10	0.570382090287033	0.369	0.129	0.24	1.31841019881349e-25	4.25648732686937e-21
Gm7854	10	0.569936691364349	0.455	0.289	0.166	3.41196269087193e-13	1.101552154748e-08
Nell2	10	0.567063134383763	0.577	0.427	0.15	1.18239463784488e-14	3.81736108828218e-10
9530036O11Rik	10	0.566981599343452	0.33	0.126	0.204	4.85635095912831e-21	1.56787290715457e-16
Gm32828	10	0.560462291178054	0.269	0.093	0.176	1.69473942100075e-18	5.47146622070093e-14
Rcan2	10	0.557525559461082	0.703	0.587	0.116	6.64816575895256e-17	2.14636031527783e-12
Arhgap6	10	0.557090982944986	0.473	0.249	0.224	6.23385303042864e-17	2.01259945087389e-12
Syt4	10	0.55519678324471	0.541	0.392	0.149	2.28901163142915e-14	7.39007405206901e-10
8030451O07Rik	10	0.549433735786269	0.588	0.451	0.137	1.00685107583016e-12	3.25061869831768e-08
Sema5b	10	0.54935181650832	0.373	0.196	0.177	2.32839700974197e-14	7.51722974595196e-10
Zfhx3	10	0.546478852247096	0.746	0.558	0.188	2.91270576094992e-15	9.40367054922682e-11
Ubap1l	10	0.543676525103119	0.495	0.3	0.195	5.66217468902738e-17	1.82803309835249e-12
Dgkz	10	0.540225904263643	0.502	0.304	0.198	1.0209154206062e-17	3.29602543542711e-13
Gsg1l	10	0.539642877223746	0.477	0.315	0.162	8.41857594222812e-14	2.71793724294835e-09
Calb2	10	0.533399404473285	0.391	0.184	0.207	4.52639323224469e-18	1.4613460550302e-13
Tle4	10	0.532172710899943	0.86	0.759	0.101	4.47576002423657e-20	1.44499912382478e-15
Adamts3	10	0.53145321190452	0.301	0.094	0.207	1.7520307840414e-24	5.65643138627767e-20
Mkx	10	0.529491860104668	0.226	0.042	0.184	9.11552072895421e-31	2.94294586734287e-26
Adamts18	10	0.528808197213146	0.294	0.077	0.217	5.2762108459755e-30	1.70342467162319e-25
Vsnl1	10	0.52865142988755	0.695	0.563	0.132	4.02399061673497e-14	1.29914537061289e-09
Aifm3	10	0.523637505606708	0.355	0.168	0.187	8.60329160261883e-17	2.77757269390549e-12
Ror2	10	0.522038897620177	0.237	0.066	0.171	8.16348487207227e-22	2.63558109094853e-17
Tiam1	10	0.514213687766221	0.358	0.127	0.231	4.17293941580243e-25	1.34723349039181e-20
Plpp4	10	0.512688960025843	0.247	0.077	0.17	5.025538087457e-20	1.62249497153549e-15
Plxnc1	10	0.511479862023796	0.308	0.101	0.207	3.41677223396808e-24	1.10310491573659e-19
Limch1	10	0.510450672971212	0.667	0.554	0.113	1.11828888979124e-12	3.61039568069102e-08
9130410C08Rik	10	0.505488159824715	0.287	0.071	0.216	1.19474184069474e-29	3.85722403268297e-25
Mob3b	10	0.504661364412688	0.265	0.119	0.146	3.34395843588469e-13	1.07959698102537e-08
Glra3	10	0.503336631963705	0.373	0.168	0.205	1.47438327366597e-16	4.76004639903059e-12
Epb41l4a	10	0.502161398486594	0.534	0.434	0.1	1.75057858923816e-09	5.6517429753554e-05
Pcdh15	9	3.20255090075734	0.952	0.181	0.771	1.33442934358142e-242	4.30820513575261e-238
Gm15398	9	2.08703613289792	0.758	0.079	0.679	9.69304345048376e-206	3.12939907798868e-201
Sorcs1	9	1.8359478334146	0.964	0.559	0.405	1.24562122665385e-131	4.02148813025197e-127
Edil3	9	1.56324001286398	0.94	0.474	0.466	7.67141568235075e-132	2.47671655304694e-127
Rmst	9	1.52619632311231	0.995	0.631	0.364	1.11260358687103e-128	3.59204068021311e-124
Cdh8	9	1.47960421762095	0.978	0.741	0.237	1.82575147049186e-134	5.89443862248296e-130
Col18a1	9	1.46642629088278	0.636	0.103	0.533	6.8798557302292e-139	2.2211614225045e-134
Cntn4	9	1.4660645137926	0.952	0.654	0.298	3.24185496072833e-98	1.04663287407114e-93
Lrp1b	9	1.45938659462178	0.971	0.587	0.384	5.02380756414942e-103	1.62193627208564e-98
Grik1	9	1.44583222991105	0.986	0.715	0.271	4.11503531489136e-105	1.32853915141268e-100
Sdk1	9	1.44515970782112	0.825	0.365	0.46	7.8719345145648e-87	2.54145405802724e-82
A330008L17Rik	9	1.43668327897773	0.718	0.345	0.373	7.83831690108742e-73	2.53060061151607e-68
Erbb4	9	1.41427497738201	0.876	0.463	0.413	4.21450304310873e-83	1.36065230746765e-78
Cdh20	9	1.36737202357363	0.823	0.254	0.569	2.53575268321729e-112	8.18667753776701e-108
Dpp10	9	1.36306769336084	0.995	0.832	0.163	1.21967843339423e-111	3.93773182221328e-107
Tafa1	9	1.34105935288441	0.866	0.273	0.593	1.25449539423235e-102	4.05013838027915e-98
Zfhx3	9	1.34075109268657	0.883	0.504	0.379	2.77028499593925e-95	8.94386510938987e-91
Chrm3	9	1.2914541226151	0.696	0.251	0.445	3.19329456498452e-77	1.03095515030525e-72
Gm32647	9	1.25602974452147	0.498	0.119	0.379	9.74591495720798e-72	3.1464686439346e-67
Caln1	9	1.24589988582152	0.866	0.371	0.495	7.96049359673188e-97	2.57004535770489e-92
Scg2	9	1.22904401089589	0.689	0.25	0.439	2.37236443042757e-89	7.65917856363541e-85
Hs3st5	9	1.22277875144537	0.895	0.611	0.284	3.98433576350697e-78	1.28634280124823e-73
Fat3	9	1.21936531649131	0.983	0.831	0.152	6.55215341503827e-113	2.1153627300451e-108
Gm15680	9	1.18020023531319	0.656	0.255	0.401	1.64647897675649e-73	5.31565737645833e-69
Astn2	9	1.16946729762153	0.907	0.745	0.162	8.71402973411764e-63	2.81332449965988e-58
Adcy8	9	1.16483858110063	0.749	0.218	0.531	1.9742914502983e-107	6.37399994728807e-103
Gm20754	9	1.13538657112607	0.739	0.227	0.512	3.88713907389658e-89	1.25496285000751e-84
Sgcz	9	1.10668801843323	0.955	0.569	0.386	1.00276814204511e-69	3.23743694659262e-65
Tenm1	9	1.10419142440912	0.952	0.744	0.208	1.87855928075499e-86	6.0649286379175e-82
Tmem163	9	1.08318240209541	0.744	0.284	0.46	2.09922942926824e-76	6.7773622123925e-72
Gm30382	9	1.07434690193098	0.639	0.165	0.474	1.06452185548138e-93	3.43680881042165e-89
Gpc6	9	1.04785492583096	0.952	0.817	0.135	2.57516517761043e-60	8.31392077591528e-56
Arpp21	9	1.03811477623143	0.569	0.113	0.456	3.14190728072967e-96	1.01436476558357e-91
Frmd5	9	1.0319980881458	0.962	0.721	0.241	5.5703433413739e-82	1.79838534776256e-77
Adgrl2	9	1.00431131051655	0.689	0.227	0.462	2.36174575433465e-83	7.62489616786943e-79
Plcb1	9	0.999980847850617	0.95	0.572	0.378	9.85377158356463e-76	3.18129015575384e-71
Rgs6	9	0.997105415251655	0.548	0.204	0.344	6.89437278350254e-49	2.22584825315379e-44
Reln	9	0.979710928883988	0.507	0.119	0.388	6.19810754317386e-79	2.00105902031368e-74
Unc13c	9	0.974545447272965	0.787	0.308	0.479	4.72299894279545e-73	1.52482020868151e-68
Gm21798	9	0.960789083094955	0.605	0.172	0.433	2.49227555743508e-77	8.04631163717915e-73
Oxr1	9	0.937302626015681	0.859	0.658	0.201	1.98064928347698e-52	6.39452621170544e-48
Elmo1	9	0.929140723391616	0.737	0.408	0.329	4.43521738788221e-54	1.43190993367777e-49
Cdh13	9	0.917942955703472	0.957	0.534	0.423	2.1675285282395e-73	6.99786585342122e-69
Fut9	9	0.909799447679711	0.78	0.478	0.302	3.95259404864083e-55	1.27609498860369e-50
Glra3	9	0.890558839748121	0.548	0.102	0.446	1.4210600159633e-94	4.58789226153753e-90
Asic2	9	0.889487174892211	0.99	0.867	0.123	6.14325679284633e-54	1.98335045557044e-49
Tcerg1l	9	0.887930698150484	0.557	0.132	0.425	5.42092707277228e-81	1.75014630544453e-76
Nova1	9	0.865922189324591	0.835	0.496	0.339	4.53058115317382e-61	1.46269812530217e-56
Cntn6	9	0.831979146767165	0.859	0.605	0.254	9.24403535255917e-56	2.98443681357373e-51
Csmd1	9	0.825172412490247	0.998	0.797	0.201	4.28295443581774e-58	1.38275183960376e-53
Spock3	9	0.816680722359781	0.885	0.644	0.241	5.00015462561224e-52	1.61429992087891e-47
Gm49171	9	0.804619010570827	0.469	0.209	0.26	2.26377530022634e-34	7.30859855678074e-30
Vsnl1	9	0.802018854021401	0.806	0.521	0.285	9.17027373890607e-53	2.96062287660582e-48
Specc1	9	0.797368134663961	0.84	0.533	0.307	3.93308916724021e-55	1.2697978376435e-50
Prickle1	9	0.788963300016132	0.921	0.69	0.231	2.5831600073605e-61	8.33973208376338e-57
Epha4	9	0.765729675855304	0.502	0.175	0.327	1.47813244646706e-51	4.7721506034189e-47
Adcy2	9	0.763020590072672	0.603	0.235	0.368	2.6799547161508e-47	8.65223380109284e-43
Car10	9	0.760395834251664	0.976	0.827	0.149	1.57351025700021e-47	5.08007786472519e-43
Auts2	9	0.759272271489139	0.612	0.461	0.151	4.05784894388251e-17	1.31007653153247e-12
Kcnj3	9	0.755681974338691	0.799	0.469	0.33	1.52813610740816e-47	4.93358742276723e-43
Pdzrn4	9	0.754433518005401	0.959	0.723	0.236	8.20535502184052e-52	2.64909886880121e-47
Rgs17	9	0.751028708087922	0.813	0.517	0.296	3.21807457566969e-48	1.03895537675496e-43
4930509J09Rik	9	0.749540387926759	0.562	0.148	0.414	8.63746180012553e-67	2.78860454217053e-62
Camk1d	9	0.744965490043947	0.83	0.599	0.231	1.702385633311e-46	5.49615201714456e-42
Tanc1	9	0.724683858437707	0.555	0.242	0.313	1.85991112342709e-45	6.00472306198437e-41
Klhl29	9	0.704841781067093	0.825	0.657	0.168	1.71370027964284e-32	5.53268135282691e-28
Ndst4	9	0.703410360260423	0.562	0.231	0.331	7.69809486544278e-43	2.4853299273082e-38
Nos1	9	0.702209550451839	0.5	0.187	0.313	2.59109744003172e-47	8.3653580851424e-43
Pcsk5	9	0.697461900426531	0.634	0.364	0.27	2.41772708552814e-34	7.80563189562759e-30
Eda	9	0.679354765267214	0.572	0.283	0.289	8.7780505940007e-34	2.83399363427313e-29
Gpc5	9	0.678169203403282	0.445	0.207	0.238	1.94836175413319e-24	6.290285923219e-20
Csmd2	9	0.675405574114808	0.921	0.727	0.194	1.25202032745661e-50	4.04214762719368e-46
Mir124-2hg	9	0.672208322742816	0.486	0.163	0.323	2.55556124427328e-50	8.2506294771363e-46
Rasgef1b	9	0.670215463533852	0.577	0.36	0.217	3.33586678085594e-24	1.07698459019934e-19
Slc24a3	9	0.666717987704527	0.88	0.738	0.142	7.05983372687491e-37	2.27926731872157e-32
B230217J21Rik	9	0.65179927748596	0.553	0.233	0.32	6.53442309348806e-39	2.10963849573262e-34
Pcdh11x	9	0.645303225989479	0.833	0.68	0.153	1.39480319714865e-23	4.50312212199441e-19
Gm46102	9	0.641062275264746	0.301	0.067	0.234	4.33559287662308e-43	1.39974616021776e-38
Tox3	9	0.63780765103171	0.577	0.301	0.276	9.39450531677324e-35	3.03301604152024e-30
Spats2l	9	0.637240629051304	0.615	0.378	0.237	1.51349698371534e-28	4.88632501192498e-24
Oprm1	9	0.633716402340275	0.45	0.138	0.312	1.64765523741295e-46	5.31945493398772e-42
Mtus2	9	0.632655913974976	0.833	0.636	0.197	7.85449099625874e-35	2.53582241814214e-30
Atp6v0c	9	0.630957106615401	0.806	0.678	0.128	1.3227147204693e-25	4.27038447503514e-21
Lemd1	9	0.622507783887369	0.395	0.089	0.306	1.58127192318646e-54	5.10513640400749e-50
Nyap2	9	0.62129565259739	0.914	0.807	0.107	4.52382227715871e-39	1.46051602218069e-34
Ldb2	9	0.620024485900549	0.318	0.081	0.237	1.59601856920355e-38	5.15274595067366e-34
Rcan2	9	0.619823643101538	0.77	0.559	0.211	5.8270832405922e-32	1.88127382422519e-27
Gm32442	9	0.614945656203856	0.371	0.141	0.23	7.91275223433672e-32	2.55463205885561e-27
Nos1ap	9	0.604735213269621	0.67	0.448	0.222	5.0262513259781e-28	1.62272524059203e-23
Tafa5	9	0.604455222563819	0.816	0.689	0.127	1.01969707672935e-29	3.2920920122207e-25
Htr4	9	0.592287129148557	0.392	0.101	0.291	1.28845290082942e-47	4.15977019032779e-43
Samd4	9	0.586036451765571	0.727	0.545	0.182	6.4591741812573e-26	2.08534438441892e-21
Ano3	9	0.584642906790465	0.402	0.138	0.264	1.33076912518067e-37	4.2963881206458e-33
Khdrbs3	9	0.575143139018171	0.837	0.671	0.166	1.64635058216459e-29	5.31524285451839e-25
Gabra3	9	0.571972966889661	0.658	0.415	0.243	1.85665947334984e-29	5.99422510970996e-25
Dock10	9	0.562853224480342	0.801	0.616	0.185	2.49390022208729e-25	8.05155686700881e-21
Kcnip1	9	0.55853660245635	0.411	0.112	0.299	6.69221947499478e-48	2.16058305750207e-43
Gm32828	9	0.55456936305913	0.275	0.076	0.199	1.21169189692238e-29	3.9119472892139e-25
Atp10a	9	0.55271938662518	0.395	0.199	0.196	9.25762252655406e-22	2.98882343269798e-17
Prkcb	9	0.550253743032523	0.782	0.548	0.234	6.55182582462282e-32	2.11525696747948e-27
Pdcd7	9	0.549823426946505	0.778	0.574	0.204	1.25095383667578e-31	4.03870446170775e-27
Gpr137c	9	0.547886958659784	0.703	0.551	0.152	1.37891876135068e-19	4.45183922102068e-15
Nwd2	9	0.54784346071736	0.615	0.408	0.207	2.41319598081593e-20	7.79100322406423e-16
Prkca	9	0.546351509674149	0.658	0.493	0.165	1.74363536547641e-18	5.62932677744059e-14
Megf11	9	0.545375119145614	0.608	0.401	0.207	1.616725484097e-22	5.21959822540715e-18
Rasgrf1	9	0.54502842461601	0.933	0.824	0.109	9.52233491871288e-32	3.07428582850645e-27
Rskr	9	0.541040325829541	0.39	0.113	0.277	1.56453408283957e-40	5.05109828644755e-36
Vwc2	9	0.540605567988334	0.677	0.472	0.205	1.6061331173656e-21	5.18540076941485e-17
Fam189a1	9	0.535664450302873	0.457	0.219	0.238	5.83856134782284e-25	1.8849795311446e-20
Tln2	9	0.532796889215618	0.593	0.402	0.191	1.72091060064672e-22	5.55595987418794e-18
Slc6a1	9	0.529319322844229	0.567	0.28	0.287	1.29744182975723e-32	4.18879094737123e-28
Mef2c	9	0.528305333461001	0.701	0.469	0.232	4.17111536470646e-23	1.34664459549548e-18
Kctd16	9	0.526549069785401	0.627	0.289	0.338	1.01280952793427e-31	3.2698555609358e-27
Wls	9	0.526050607240631	0.44	0.204	0.236	1.84660961088477e-26	5.96177912874148e-22
Limch1	9	0.523969952733672	0.732	0.526	0.206	2.18654694377154e-24	7.05926680796641e-20
Gabra5	9	0.520182273681977	0.474	0.225	0.249	1.52520636470698e-29	4.92412874845649e-25
Scn1a	9	0.516928589148396	0.825	0.713	0.112	4.94890917250664e-27	1.59775532634377e-22
Myo5b	9	0.511284693417084	0.258	0.02	0.238	5.36222850968801e-64	1.73119547435277e-59
Cdh4	9	0.510619455430545	0.404	0.144	0.26	3.41478349885815e-33	1.10246285260635e-28
Tnr	9	0.506923090420353	0.557	0.283	0.274	1.25345880798598e-27	4.04679176158274e-23
Sphkap	2	1.42608239917197	0.885	0.353	0.532	4.18651027334999e-82	1.35161484175105e-77
Gm29683	2	1.4144898946107	0.914	0.229	0.685	3.76001445444901e-120	1.21392066661886e-115
Egfem1	2	1.33436358558983	0.974	0.682	0.292	2.32125791234252e-56	7.49418116999782e-52
Il1rapl2	2	1.26088273829985	0.387	0.151	0.236	1.42116119329945e-22	4.58821891256729e-18
Sox2ot	2	1.18542242944453	0.97	0.771	0.199	4.9686467650837e-56	1.60412760810727e-51
Gm38505	2	1.02452946648031	0.825	0.352	0.473	5.61504395387467e-58	1.81281694050844e-53
Epha6	2	0.99313664741393	0.952	0.677	0.275	6.6035134081926e-49	2.13194430383498e-44
Col25a1	2	0.98844305339492	0.587	0.265	0.322	1.01162119703391e-29	3.26601903462397e-25
Nxph1	2	0.897505296900223	0.963	0.814	0.149	8.94954224684008e-41	2.88935971439232e-36
Cntn3	2	0.845518149981041	0.9	0.599	0.301	1.23205837621456e-29	3.9777004676087e-25
Pbx3	2	0.839295848901841	0.84	0.454	0.386	1.92341483366519e-39	6.20974479048807e-35
Cpne4	2	0.838471005780959	0.981	0.801	0.18	2.87576011914251e-45	9.28439154465159e-41
Chn2	2	0.81002502107679	0.584	0.119	0.465	7.44570639645876e-77	2.40384631009671e-72
Pcdh11x	2	0.797704546330986	0.914	0.68	0.234	1.30953494900931e-32	4.22783358287656e-28
Sim1	2	0.792312707308675	0.271	0.003	0.268	2.33460175674737e-97	7.53726177165888e-93
A2m	2	0.765948092732642	0.349	0.111	0.238	2.07421918263531e-24	6.69661663113808e-20
Ptprk	2	0.750438160420413	0.989	0.766	0.223	6.47186726616832e-33	2.08944234688244e-28
Kif26b	2	0.73398926513583	0.941	0.554	0.387	4.66632324271849e-43	1.50652245891167e-38
Dach2	2	0.725628771938001	0.81	0.504	0.306	4.88047843772822e-27	1.57566246362056e-22
Prkce	2	0.72461901005655	0.97	0.728	0.242	5.96186579821368e-45	1.92478837295329e-40
Trhde	2	0.724163664856412	0.684	0.291	0.393	5.2806462948486e-35	1.70485665629187e-30
Tafa2	2	0.720196249301348	0.87	0.571	0.299	1.96629132394515e-29	6.34817153935692e-25
Tcf4	2	0.718627261616738	0.941	0.725	0.216	3.9475445282265e-25	1.27446475093793e-20
Parm1	2	0.713069138046953	0.918	0.509	0.409	2.45568965564011e-35	7.92819405323411e-31
Cadps2	2	0.695774991023439	0.636	0.28	0.356	1.7623586314076e-29	5.68977484149945e-25
B130024G19Rik	2	0.691512983895054	0.602	0.112	0.49	8.15236816689225e-83	2.63199206268116e-78
Nnat	2	0.667154977434166	0.866	0.608	0.258	3.02424823349609e-24	9.76378542184212e-20
Erbb4	2	0.644414533563553	0.862	0.501	0.361	3.99404468752821e-23	1.28947732736848e-18
Zfp804b	2	0.635782291125028	0.952	0.718	0.234	2.16431113218503e-32	6.98747849025936e-28
Ptprt	2	0.625948789740884	0.316	0.076	0.24	6.11808538108258e-32	1.97522386528251e-27
Sncaip	2	0.619471479309925	0.606	0.168	0.438	4.04458464372641e-54	1.30579415222707e-49
Tacr3	2	0.592649037354244	0.851	0.48	0.371	1.45366043902816e-26	4.69314272740241e-22
Gm45194	2	0.591326893884866	0.219	0.005	0.214	1.39096130292996e-72	4.49071856650938e-68
Palmd	2	0.589552579158857	0.732	0.35	0.382	1.40262002706879e-30	4.52835875739158e-26
Gm47782	2	0.577462340003027	0.26	0.017	0.243	5.74410506114279e-65	1.85448431898995e-60
Plxna2	2	0.576941000648979	0.955	0.778	0.177	1.05914401271895e-27	3.41944644506313e-23
Sox6	2	0.562649075273138	0.327	0.129	0.198	8.17054237742588e-17	2.63785960655194e-12
Slc8a1	2	0.552570400731406	0.963	0.822	0.141	3.63185775832613e-26	1.17254527727559e-21
Maml2	2	0.548012011713116	0.892	0.524	0.368	2.77192211546076e-30	8.94915054976506e-26
Il1rap	2	0.539020739513672	0.773	0.435	0.338	2.83135177401544e-26	9.14101920240886e-22
Samd5	2	0.536913836162139	0.974	0.802	0.172	5.18537451097418e-28	1.67409816086801e-23
Osbpl3	2	0.51960278221204	0.87	0.516	0.354	2.14397692745651e-26	6.92182951029336e-22
4930587E11Rik	2	0.514416668295983	0.662	0.265	0.397	1.87027625571088e-31	6.03818689156257e-27
Adcy2	2	0.514218373398756	0.613	0.266	0.347	7.16014911516818e-27	2.31165414183205e-22
Kcnmb2	2	0.501401601412495	0.238	0.03	0.208	3.34427041346494e-41	1.07969770298716e-36
Schip1	1	2.19039957692175	0.981	0.643	0.338	7.93756133793657e-217	2.56264167795282e-212
Cartpt	1	1.94651583412939	0.991	0.639	0.352	6.82809748415361e-208	2.20445127275899e-203
Alk	1	1.89877426751644	0.982	0.738	0.244	4.0644627709048e-218	1.31221180558661e-213
Pde7b	1	1.71290949731185	0.995	0.682	0.313	1.30061375128151e-226	4.19903149601234e-222
Adamtsl1	1	1.61506668459952	0.777	0.216	0.561	7.03496165128228e-143	2.27123736911648e-138
Pld5	1	1.61275950864975	0.992	0.601	0.391	1.60711404336778e-193	5.18856768901287e-189
Rspo3	1	1.57816644432077	0.778	0.201	0.577	5.53518999445374e-168	1.78703608970939e-163
Deptor	1	1.54009443219711	0.903	0.423	0.48	7.08089776921138e-168	2.28606784478989e-163
Mapk4	1	1.50076012224619	0.969	0.578	0.391	5.0758343023065e-187	1.63873310449965e-182
Pcsk2	1	1.50067532079411	0.999	0.892	0.107	4.97429558760079e-202	1.60595133045691e-197
Dpyd	1	1.49618314955649	0.991	0.656	0.335	1.09790976804693e-169	3.54460168613952e-165
Lhfp	1	1.47169183154508	0.785	0.33	0.455	3.04950606887999e-115	9.84533034337904e-111
Kctd8	1	1.41617545644364	0.962	0.726	0.236	2.73704821744735e-143	8.83656017002878e-139
Kcnc2	1	1.36611628317096	0.989	0.692	0.297	3.92716158340197e-158	1.26788411720133e-153
Pde1a	1	1.30327479240409	0.988	0.824	0.164	7.68432491009117e-163	2.48088429722293e-158
Thsd7a	1	1.23220694284434	0.983	0.746	0.237	6.37795080257778e-141	2.05912141661224e-136
Sema5a	1	1.2144643494015	0.771	0.289	0.482	2.43415943721195e-121	7.85868374303879e-117
Ccbe1	1	1.20852438867364	0.65	0.23	0.42	3.8764283094256e-86	1.25150487969805e-81
Ust	1	1.18230620816505	0.841	0.413	0.428	4.5414938916235e-126	1.46622130291065e-121
Adgrv1	1	1.18095034391194	0.811	0.324	0.487	1.74492186665444e-126	5.63348024649387e-122
Arl15	1	1.14970029104427	0.981	0.871	0.11	2.20305866176177e-126	7.11257488949786e-122
9530059O14Rik	1	1.13556106096079	0.977	0.788	0.189	3.36261865932561e-130	1.08562143416327e-125
Sema6a	1	1.10320794366282	0.855	0.482	0.373	4.40035096223385e-104	1.4206533081572e-99
Zfp804b	1	1.09503501916234	0.901	0.595	0.306	2.00724693914846e-51	6.48039674304081e-47
Htr1f	1	1.08289009052156	0.632	0.188	0.444	9.38804493344826e-101	3.03093030676377e-96
Kcng3	1	1.04919676403662	0.71	0.239	0.471	8.00025088497497e-111	2.58288099821417e-106
Tmem132d	1	1.03674596057398	0.651	0.306	0.345	8.69980157097935e-63	2.80873093719068e-58
Osbpl3	1	0.984033799067508	0.805	0.317	0.488	4.98444811130875e-96	1.60922907273603e-91
Tacr3	1	0.977820943589393	0.783	0.271	0.512	5.26579017209718e-100	1.70006035706157e-95
Greb1l	1	0.976699689817832	0.817	0.478	0.339	3.281353194447e-95	1.05938487882721e-90
Pcsk2os2	1	0.967174447374793	0.829	0.404	0.425	4.25633638778271e-99	1.37415820279565e-94
Tmtc1	1	0.966953469982827	0.846	0.549	0.297	2.31301720673904e-87	7.46757605195699e-83
Sulf1	1	0.966662464196857	0.548	0.118	0.43	2.78749018899406e-94	8.99941207516731e-90
Srgap2	1	0.959993099171352	0.971	0.752	0.219	5.23825957239156e-124	1.69117210294662e-119
Xylt1	1	0.950954789444481	0.856	0.509	0.347	3.05935246074604e-93	9.87711941951858e-89
Enpp2	1	0.935206837589046	0.624	0.231	0.393	3.3870519636038e-82	1.09350972644949e-77
Eml5	1	0.933637578567567	0.98	0.871	0.109	9.4831600380631e-128	3.06163821828867e-123
Pdlim5	1	0.933350146270546	0.748	0.374	0.374	2.21923758222983e-89	7.16480853422901e-85
Dscaml1	1	0.906542913086059	0.895	0.505	0.39	2.94062590162617e-95	9.49381072340009e-91
Efna5	1	0.904205168364586	0.988	0.86	0.128	2.10823581770948e-117	6.80643933747506e-113
Slc2a13	1	0.895671678062942	0.962	0.823	0.139	6.48399758064387e-106	2.09335861891087e-101
Rbms1	1	0.894937011628212	0.902	0.553	0.349	2.37649021543621e-92	7.67249866053579e-88
Gng12	1	0.893508867830328	0.635	0.219	0.416	1.15541681904809e-87	3.73026320029675e-83
Rreb1	1	0.882416085707849	0.795	0.388	0.407	6.64889414679035e-89	2.14659547529126e-84
Epha3	1	0.880157777371155	0.793	0.438	0.355	1.0725651576924e-69	3.46277661160991e-65
Camk4	1	0.865984659458007	0.944	0.76	0.184	8.50335529454383e-85	2.74530825684348e-80
Gfra1	1	0.857374130007903	0.755	0.333	0.422	8.9824543489855e-86	2.89998538656997e-81
Lrfn2	1	0.852917919163871	0.929	0.658	0.271	4.52180809035002e-89	1.4598657419695e-84
Cdh12	1	0.811663085324833	0.926	0.536	0.39	4.24864609159075e-76	1.37167539067007e-71
Ell2	1	0.801411683950841	0.758	0.355	0.403	2.67075256029548e-75	8.62252464091397e-71
Parm1	1	0.790120416535937	0.739	0.386	0.353	1.92159391688003e-57	6.20386596064718e-53
Ntn1	1	0.790047055013966	0.495	0.107	0.388	5.07453712602494e-82	1.63831431113715e-77
Snx24	1	0.787927447425443	0.765	0.43	0.335	2.44306190558382e-71	7.88742536217736e-67
Nucb2	1	0.778940486315318	0.657	0.31	0.347	3.2425637185502e-65	1.04686169653393e-60
Cacna2d3	1	0.778914133081181	0.928	0.725	0.203	1.07361192095888e-67	3.46615608681574e-63
Nptx1	1	0.764955470905185	0.623	0.259	0.364	1.02803958180235e-69	3.31902578984887e-65
Ptprk	1	0.762558894523648	0.961	0.627	0.334	7.90889280183292e-79	2.55338604107176e-74
Thsd4	1	0.760008826783154	0.735	0.487	0.248	1.04250108579804e-47	3.36571475549897e-43
Atp2b4	1	0.745795043483793	0.683	0.341	0.342	2.41928464215445e-63	7.81066046719565e-59
Me3	1	0.740942745010738	0.82	0.497	0.323	1.07245056129241e-68	3.46240663713254e-64
Pfkp	1	0.740780621421129	0.911	0.667	0.244	1.13588457116013e-69	3.66720333799049e-65
Klhl13	1	0.73393847549765	0.739	0.41	0.329	4.23959265699613e-57	1.3687524893112e-52
Zfp521	1	0.733803326558327	0.927	0.778	0.149	8.51162208929835e-64	2.74797719152997e-59
Slc7a14	1	0.732638443506576	0.852	0.617	0.235	3.84733933729588e-55	1.24211350504598e-50
Mta3	1	0.72678731455773	0.787	0.481	0.306	9.62406528800602e-67	3.10712947823274e-62
Mccc2	1	0.719510819788724	0.698	0.391	0.307	2.38052366546078e-58	7.68552065394012e-54
Apba2	1	0.716932025523164	0.931	0.763	0.168	1.14249588167345e-68	3.68854795398274e-64
Mid1	1	0.710596336588256	0.462	0.174	0.288	2.88057365818561e-48	9.29993205545225e-44
A430090L17Rik	1	0.706277886049009	0.616	0.332	0.284	7.96424823894941e-45	2.57125754394482e-40
Ptpro	1	0.698813671950036	0.938	0.791	0.147	5.24434701793073e-76	1.69313743473894e-71
2510009E07Rik	1	0.698393078734412	0.805	0.495	0.31	3.12566705258244e-63	1.00912160792624e-58
Sfta3-ps	1	0.696551792368085	0.945	0.795	0.15	3.28679316681683e-70	1.06114117390681e-65
4930522L14Rik	1	0.693498774287462	0.385	0.06	0.325	5.73445305422557e-70	1.85136816855672e-65
Ogt	1	0.692588285018977	0.953	0.822	0.131	8.04609810149479e-81	2.59768277206759e-76
4930445B16Rik	1	0.690158050365693	0.856	0.622	0.234	3.29822564491556e-48	1.06483214946099e-43
Armh4	1	0.680141952399572	0.691	0.372	0.319	7.25484762418569e-58	2.34222755546835e-53
Ext1	1	0.671722799092963	0.907	0.695	0.212	1.847696027822e-58	5.96528662582332e-54
Tmtc4	1	0.67097177786452	0.618	0.314	0.304	7.97946691087679e-50	2.57617089217657e-45
Dchs2	1	0.669098169844333	0.705	0.38	0.325	4.46048359773766e-57	1.4400671295296e-52
Has2os	1	0.667798641017252	0.389	0.14	0.249	2.51972393218113e-38	8.13492871504676e-34
Abtb2	1	0.662170878934866	0.606	0.302	0.304	2.9940731980482e-46	9.6663653198986e-42
Susd1	1	0.656828557202191	0.579	0.254	0.325	1.29270814022832e-58	4.17350823072713e-54
Slc4a4	1	0.656647527072794	0.484	0.151	0.333	2.77443063885513e-62	8.9572493175438e-58
Rorb	1	0.655550823528192	0.344	0.111	0.233	5.80453867142548e-37	1.87399531006971e-32
Dgkg	1	0.648372846902302	0.569	0.302	0.267	1.68256188712388e-41	5.43215105257946e-37
Adarb2	1	0.647654326559117	0.775	0.604	0.171	5.33256728588499e-26	1.72161934824797e-21
Sgms2	1	0.645871776017737	0.568	0.261	0.307	2.67776372709193e-52	8.6451601929163e-48
Dab2	1	0.644626599411716	0.476	0.18	0.296	1.36395776611994e-47	4.40353764791824e-43
Slc8a1	1	0.642225039630998	0.935	0.745	0.19	3.09143301959297e-50	9.98069150375591e-46
D630045J12Rik	1	0.64076064924951	0.847	0.661	0.186	1.8938540906159e-48	6.11430793155343e-44
Lef1	1	0.634156302372294	0.737	0.504	0.233	2.20840324057776e-38	7.12982986220529e-34
Epb41l5	1	0.632681835249866	0.676	0.385	0.291	6.87965443821699e-52	2.22109643537835e-47
Msi2	1	0.628580839188744	0.949	0.833	0.116	5.88933970267012e-64	1.90137332300705e-59
Klhl1	1	0.6274648234353	0.813	0.592	0.221	1.52735523660731e-45	4.93106638138669e-41
Tsc22d1	1	0.621806259096242	0.939	0.826	0.113	2.86446295443169e-58	9.24791864838271e-54
Gm44129	1	0.620142684970772	0.567	0.266	0.301	3.17505812673881e-48	1.02506751621763e-43
Fam171b	1	0.618859599844317	0.834	0.59	0.244	2.18891001244538e-49	7.06689597517992e-45
Tent5a	1	0.613706280213153	0.57	0.273	0.297	1.70056973935824e-48	5.49028940351807e-44
Maged2	1	0.61145114554514	0.611	0.329	0.282	2.9472662666953e-45	9.51524914202579e-41
Gm4258	1	0.608954436475201	0.698	0.433	0.265	5.79081542505251e-39	1.8695647599782e-34
Galnt18	1	0.60827391347597	0.684	0.424	0.26	4.13617408894043e-38	1.33536380461442e-33
Vmp1	1	0.608266797872725	0.786	0.596	0.19	3.92547556266531e-33	1.2673397854065e-28
Htr2c	1	0.605276232346611	0.958	0.843	0.115	5.91965501328451e-37	1.9111606210389e-32
Adcy5	1	0.587085676886805	0.814	0.535	0.279	1.98326499063731e-48	6.40297102227256e-44
Clstn2	1	0.585300064336269	0.933	0.815	0.118	3.92410809767936e-44	1.26689829933578e-39
Fras1	1	0.584173500523782	0.532	0.337	0.195	1.58881492267826e-25	5.12948897786677e-21
Slit2	1	0.582798013338257	0.893	0.692	0.201	1.51703551633207e-38	4.89774916447808e-34
Mir670hg	1	0.581502741270982	0.579	0.371	0.208	3.09157212761641e-28	9.9811406140096e-24
Pcdh10	1	0.579975566140567	0.651	0.364	0.287	4.03119245092022e-42	1.30147048277959e-37
Sez6l	1	0.578439137877549	0.657	0.375	0.282	8.97627957025679e-43	2.89799185925741e-38
Pbx1	1	0.57378825842156	0.935	0.79	0.145	1.06387216784915e-47	3.434711293901e-43
Cemip	1	0.569800891001052	0.626	0.431	0.195	9.06886173651721e-26	2.92788201163458e-21
Daam1	1	0.559169466174004	0.891	0.739	0.152	2.34399268561837e-44	7.5675803855189e-40
Pde1c	1	0.558670325696515	0.454	0.203	0.251	5.76372385648624e-37	1.86081824706658e-32
Palmd	1	0.557260591699876	0.567	0.234	0.333	1.99846901090227e-48	6.45205720169799e-44
Snd1	1	0.552032575115197	0.875	0.708	0.167	1.7062272013783e-46	5.50855451964986e-42
Pcnx	1	0.549376960955692	0.834	0.67	0.164	2.63930337970533e-41	8.52099096137865e-37
Igf1r	1	0.548799705610193	0.809	0.657	0.152	1.25155820510293e-32	4.04065566517482e-28
Lrrc4	1	0.548667111216543	0.891	0.719	0.172	4.32728856391647e-38	1.39706511286043e-33
Tnfaip8	1	0.548337060071012	0.336	0.112	0.224	5.66913837059935e-37	1.830281322948e-32
Abca4	1	0.545004808792655	0.501	0.217	0.284	2.41177154800607e-44	7.78640444273761e-40
Unc13b	1	0.543940590812841	0.879	0.672	0.207	4.18211916986978e-42	1.35019717399246e-37
Iqsec3	1	0.542410868942507	0.743	0.545	0.198	5.9491602570276e-32	1.92068638898136e-27
Arhgef28	1	0.541221765776572	0.735	0.492	0.243	9.26178335630641e-42	2.99016675658353e-37
Gm44148	1	0.538087349271262	0.395	0.133	0.262	3.06337276752861e-43	9.8900989799661e-39
Vcan	1	0.537087781309242	0.355	0.149	0.206	1.11024980108949e-28	3.58444148281742e-24
Pik3r1	1	0.53207381016904	0.646	0.4	0.246	1.92260357720936e-34	6.2071256490204e-30
Prune2	1	0.528832307350422	0.728	0.469	0.259	1.73483742777465e-40	5.60092263557047e-36
Col8a1	1	0.526315214609005	0.616	0.446	0.17	2.4105457139414e-18	7.78244683745982e-14
Lrmda	1	0.514575711233476	0.418	0.203	0.215	4.45191234785248e-28	1.43729990150417e-23
Tspan2	1	0.51105911022778	0.488	0.226	0.262	8.5679488781619e-41	2.76616229531457e-36
Plce1	1	0.506955469625109	0.677	0.434	0.243	8.01763642293436e-30	2.58849391914436e-25
Ghr	1	0.503381376271755	0.781	0.57	0.211	2.11208191911612e-28	6.8188564758664e-24
Slc6a15	1	0.501058912747723	0.688	0.473	0.215	1.04569963781823e-30	3.37604128069615e-26
Pcdh19	1	0.500079924779629	0.657	0.435	0.222	1.42173693205912e-29	4.59007768515287e-25
